tables=4
transaction.types=5
twitter.tbl.type=0,1,1,1
twitter.schema=0,0,0,0,0,0,1,0,0,1,0,0,1,0,0,0
twitter.trs.proportions=0.0007,0.0007,0.076725,0.912656,0.009219
number.of.replicas=1